name: lgbm-env
channels:
  - conda-forge
  - defaults
dependencies:
  - _openmp_mutex=4.5=2_gnu
  - alembic=1.16.5=pyhd8ed1ab_0
  - bzip2=1.0.8=h2bbff1b_6
  - ca-certificates=2025.9.9=haa95532_0
  - colorama=0.4.6=pyhd8ed1ab_1
  - colorlog=6.9.0=pyh7428d3b_1
  - expat=2.7.1=h8ddb27b_0
  - greenlet=3.2.4=py312hbb81ca0_1
  - importlib-metadata=8.7.0=pyhe01879c_1
  - joblib=1.5.2=pyhd8ed1ab_0
  - khronos-opencl-icd-loader=2024.10.24=h2466b09_1
  - libblas=3.9.0=35_h5709861_mkl
  - libboost=1.88.0=h3d2b97d_0
  - libcblas=3.9.0=35_h2a3cdd5_mkl
  - libexpat=2.7.1=hac47afa_0
  - libffi=3.4.4=hd77b12b_1
  - libgomp=15.1.0=h1383e82_5
  - libhwloc=2.12.1=default_h88281d1_1000
  - libiconv=1.18=hc1393d2_2
  - liblapack=3.9.0=35_hf9ab0e9_mkl
  - liblightgbm=4.6.0=cpu_h5d2ca61_4
  - libsqlite=3.50.4=hf5d6505_0
  - libwinpthread=12.0.0.r4.gg4f2fc60ca=h57928b3_9
  - libxgboost=3.0.5=cpu_hd161407_1
  - libxml2=2.13.8=h741aa76_1
  - libzlib=1.3.1=h02ab6af_0
  - lightgbm=4.6.0=cpu_py_4
  - llvm-openmp=21.1.2=hfa2b4ca_3
  - mako=1.3.10=pyhd8ed1ab_0
  - markupsafe=3.0.3=py312h05f76fc_0
  - mkl=2024.2.2=h57928b3_16
  - numpy=2.3.3=py312ha72d056_0
  - opencl-headers=2025.06.13=he0c23c2_0
  - openssl=3.5.4=h725018a_0
  - optuna=4.5.0=pyhd8ed1ab_0
  - packaging=25.0=pyh29332c3_1
  - pandas=2.3.3=py312hc128f0a_1
  - pip=25.2=pyhc872135_0
  - py-xgboost=3.0.5=cpu_pyh35227d3_1
  - python=3.12.7=hce54a09_0_cpython
  - python-dateutil=2.9.0.post0=pyhe01879c_2
  - python-tzdata=2025.2=pyhd8ed1ab_0
  - python_abi=3.12=8_cp312
  - pytz=2025.2=pyhd8ed1ab_0
  - pyyaml=6.0.3=py312h05f76fc_0
  - scikit-learn=1.7.2=py312h91ac024_0
  - scipy=1.16.2=py312h33376e8_0
  - setuptools=78.1.1=py312haa95532_0
  - six=1.17.0=pyhe01879c_1
  - sqlalchemy=2.0.43=py312he06e257_0
  - sqlite=3.50.2=hda9a48d_1
  - tbb=2021.13.0=h18a62a1_3
  - threadpoolctl=3.6.0=pyhecae5ae_0
  - tk=8.6.15=hf199647_0
  - tomli=2.2.1=pyhe01879c_2
  - tqdm=4.67.1=pyhd8ed1ab_1
  - typing-extensions=4.15.0=h396c80c_0
  - typing_extensions=4.15.0=pyhcf101f3_0
  - tzdata=2025b=h04d1e81_0
  - ucrt=10.0.22621.0=haa95532_0
  - vc=14.3=h2df5915_10
  - vc14_runtime=14.44.35208=h4927774_10
  - vs2015_runtime=14.44.35208=ha6b5a95_10
  - wheel=0.45.1=py312haa95532_0
  - xgboost=3.0.5=cpu_pyhb39878e_1
  - xz=5.6.4=h4754444_1
  - yaml=0.2.5=h6a83c73_3
  - zipp=3.23.0=pyhd8ed1ab_0
  - zlib=1.3.1=h02ab6af_0
  - zstd=1.5.7=hbeecb71_2
prefix: C:\Users\Naufal\anaconda3\envs\lgbm-env
